td_0_string=_
td_0_data=108.000000 0.000000 0 1 1 0 0.000000 50.000000 -1 255 215 1 183.500000 133.500000 0 2 1 0 1 1 -10.000000 0.000000 -20.000000 1.000000 255 255 215 body
td_0_bar_data=100.000000 0 
td_1_string=registracija
td_1_data=108.000000 242.000000 2 1 0 0 0.179167 1.150014 -1 648436735 648436735 1 15.000000 100.000000 1 2 1 0 1 1 -10.000000 0.000000 -20.000000 1.000000 255 255 255 signup_button
td_1_bar_data=100.000000 0 
td_2_string=iseiti
td_2_data=142.000000 259.000000 2 1 0 0 0.179167 1.150014 -1 1296911871 1971156479 1 15.000000 32.000000 1 2 1 0 1 1 -10.000000 0.000000 -20.000000 1.000000 255 255 255 exit_button
td_2_bar_data=100.000000 0 
td_3_string=INFORMACIJA
td_3_data=89.000000 259.000000 2 1 0 0 0.179167 1.150014 -1 1296911871 577803263 1 15.000000 62.000000 1 2 1 0 1 1 -10.000000 0.000000 -20.000000 1.000000 255 255 255 info_button
td_3_bar_data=100.000000 0 
td_4_string=serveris perzengiantis limitus~n~~n~~n~         zaidejas slapyvardziu~n~         ~r~vardas pavarde~s~ nera~n~         registruotas!
td_4_data=62.000000 180.000000 2 0 1 0 0.125000 0.949998 -1 255 255 0 152.000000 0.000000 0 1 1 0 1 1 -10.000000 0.000000 -20.000000 1.000000 255 255 255 motto
td_4_bar_data=100.000000 0 
td_5_string=SanAndreas.lt
td_5_data=48.000000 153.000000 0 1 1 0 0.679166 2.699999 -1 255 -741092353 0 168.000000 0.000000 0 1 1 0 1 1 -10.000000 0.000000 -20.000000 1.000000 255 255 255 logo
td_5_bar_data=100.000000 0 
td_6_string=!
td_6_data=69.000000 199.000000 0 1 0 0 0.737500 3.849997 -1 255 16777215 0 0.000000 0.000000 0 2 1 0 1 1 -10.000000 0.000000 -20.000000 1.000000 255 255 255 exclamation_decoration
td_6_bar_data=100.000000 0 
